[sect_default_weather]
00:00:00		=	default_weather_12
12:00:00		=	default_weather_12


[default_weather_12]
        flares         = flares_foggy
        sky_texture    = sky\Foggy\10-00
        sky_rotation   = 0.000000
        sky_color      = 0.582031, 0.582031, 0.582031
        clouds_texture = sky\sky_oblaka
        clouds_color   = 1.000000, 1.000000, 1.000000, 0.0, 1.0
        far_plane      = 150.000000
        fog_distance   = 150.000000
        fog_color      = 0.203125, 0.214844, 0.242188
        fog_density    = 1.20
        rain_color     = 0.679688, 0.640625, 0.601563
        rain_density   = 0.000000
        thunderbolt    = 
        bolt_duration  = 0.000000
        bolt_period    = 0.000000
        wind_direction = 0.000000
        wind_velocity  = 0.000000
        ambient        = 0.022500, 0.026406, 0.034219
        lmap_color     = 1.000000, 1.000000, 1.000000
        hemi_color     = 0.382813, 0.382813, 0.382813, 1.000000
        sun_color      = 0.402344, 0.390625, 0.359375
        sun_dir        = -45.810000, 69.612700
        env_ambient    = ambient_env_tuman